C00544908|33131|100|1|100
C00544908|32779|105|1|105
C00544908|33134|10|1|10
C00544908|33155|10|1|10
C00544908|33165|10|1|10
C00544908|33019|42|1|42
C00544908|97225|20|1|20
C00544908|32801|125|1|125
C00544908|49341|80|1|80
C00544908|15237|60|1|60
C00544908|33131|75|2|150
C00544908|33177|10|1|10
C00544908|33145|10|1|10
C00544908|33498|10|1|10
C00544908|33185|10|1|10
C00544908|32817|100|1|100
C00282459|58501|75|1|75
C00282459|58501|188|2|375
C00282459|58503|600|1|600
C00282459|58504|75|1|75
C00282459|58201|150|1|150
C00282459|58554|300|1|300
C00072751|02351|1400|1|1400
C00072751|80209|750|1|750
C00072751|02492|500|1|500
C00199497|80202|33|1|33
C00199497|98057|210|1|210
C00199497|75062|60|1|60
C00199497|75062|75|2|150
C00199497|75062|90|3|300
C00199497|15220|93|1|93
C00199497|75062|83|4|375
C00199497|75062|90|5|975
C00199497|75062|83|6|1035
C00199497|75039|90|1|90
C00199497|30339|195|1|195
C00199497|75062|90|7|1222
C00199497|76092|5000|1|5000
C00199497|76092|5000|2|10000
C00199497|75062|108|8|1348
C00199497|75062|126|9|1948
C00199497|73116|187|1|187
C00199497|28202|150|1|150
C00199497|46240|120|1|120
C00199497|75062|138|10|2248
C00199497|70808|187|1|187
C00199497|75062|150|11|2435
C00001214|77429|2500|1|2500
C00001214|75605|2500|1|2500
C00001214|75244|208|1|208
C00001214|78733|300|1|300
C00001214|75225|208|1|208
C00001214|78209|210|1|210
C00001214|78411|2500|1|2500
C00001214|76205|1000|1|1000
C00001214|76308|2500|1|2500
C00001214|78541|208|1|208
C00001214|78734|2500|1|2500
C00001214|79493|227|1|227
C00001214|78023|208|1|208
C00001214|75013|300|1|300
C00001214|78501|208|1|208
C00001214|76712|208|1|208
C00001214|76107|2500|1|2500
C00001214|77024|2500|1|2500
C00001214|76109|2500|1|2500
C00001214|77024|1300|2|2599
C00001214|75229|2500|1|2500
C00543983|70810|25|1|25
C00385526|28306|1500|1|1500
C00094318|76701|50|1|50
C00094318|75979|50|1|50
C00094318|76661|50|1|50
C00629865|90033|300|1|300
C00629865|91709|1000|1|1000
C00472878|37075|250|1|250
C00472878|37692|500|1|500
C00040394|18657|58|1|58
C00040394|77056|20|1|20
C00040394|67460|30|1|30
C00040394|74172|16|1|16
C00040394|74172|18|2|36
C00040394|22901|20|1|20
C00040394|84108|16|1|16
C00040394|77056|20|2|40
C00040394|74172|16|3|52
C00040394|74172|16|4|68
C00040394|77056|20|3|60
C00040394|77056|20|4|80
C00040394|98604|50|1|50
